00000000000000000000000000000000
00000000000000000000000000000010
00000000000000000000000000000011
00000000000000000000000000000111
00000000000000000000000000001111
01010101101010101110101101011010
00000000000000000000000000000001
01010101101010101110101101011010
01010101101010101110101101011010
01010101101010101110101101011010
01010101101010101110101101011010
01010101101010101110101101011010
01010101101010101110101101011010
01010101101010101110101101011010
01010101101010101110101101011010
01010101101010101110101101011010
01010101101010101110101101011010
01010101101010101110101101011010
01010101101010101110101101011010
01010101101010101110101101011010
01010101101010101110101101011010
01010101101010101110101101011010
01010101101010101110101101011010
01010101101010101110101101011010
01010101101010101110101101011010
01010101101010101110101101011010
01010101101010101110101101011010
01010101101010101110101101011010
01010101101010101110101101011010
01010101101010101110101101011010
01010101101010101110101101011010
01010101101010101110101101011010
01010101101010101110101101011010
01010101101010101110101101011010
01010101101010101110101101011010
01010101101010101110101101011010
01010101101010101110101101011010
01010101101010101110101101011010
01010101101010101110101101011010
01010101101010101110101101011010
01010101101010101110101101011010
01010101101010101110101101011010
01010101101010101110101101011010
01010101101010101110101101011010
01010101101010101110101101011010
01010101101010101110101101011010
01010101101010101110101101011010
01010101101010101110101101011010
01010101101010101110101101011010
01010101101010101110101101011010
01010101101010101110101101011010
01010101101010101110101101011010
01010101101010101110101101011010
01010101101010101110101101011010
01010101101010101110101101011010
01010101101010101110101101011010
01010101101010101110101101011010
01010101101010101110101101011010
01010101101010101110101101011010
01010101101010101110101101011010
01010101101010101110101101011010
01010101101010101110101101011010
01010101101010101110101101011010
01010101101010101110101101011010
