00100000000010000000000000000000
00100000000010010000000000000001
00100000000010100000000000000010
00100000000010110000000000000011
00100000000011000000000000000100
00100000000011010000000000000101
00100000000011100000000000000110
00100000000011110000000000000111
10101100000010000000000000000000
10101100000010010000000000000100
10101100000010100000000000001000
10101100000010110000000000001100
10101100000011000000000000010000
10101100000011010000000000010100
10101100000011100000000000011000
10101100000011110000000000011100
